1.73293074E-06 10079.999000 354.779877 0.000000 -85.000000 84.789627 56 55
1.98999487E-06 8640.000000 303.618195 0.000000 -84.150002 84.156784 48 47
2.27166515E-06 7559.999020 265.351166 0.000000 -83.300003 83.339027 42 41
2.43647173E-06 6659.999510 233.664261 0.000000 -82.449997 81.839447 37 36
2.73410637E-06 5939.999510 214.131058 0.000000 -81.599998 -81.172050 33 33
2.91152651E-06 5399.999510 195.080917 0.000000 -80.750000 -80.088692 30 30
3.35736081E-06 5039.999510 176.490265 0.000000 -79.900002 79.964096 28 27
3.74068622E-06 4500.000000 163.626343 0.000000 -79.050003 -79.074226 25 25
3.87428008E-06 4320.000000 151.317245 0.000000 -78.199997 78.272697 24 23
3.02652347E-06 3959.999760 138.944031 0.000000 -77.349998 76.279793 22 21
4.39437918E-06 3779.999510 132.563385 0.000000 -76.500000 76.577248 21 20
4.36694700E-06 3420.000000 126.091270 0.000000 -75.650002 -75.733375 19 19
4.04158254E-06 3239.999760 119.842667 0.000000 -74.800003 -74.315445 18 18
4.15538307E-06 3059.999760 113.678925 0.000000 -73.949997 -73.513329 17 17
4.89925560E-06 2880.000000 107.581947 0.000000 -73.099998 -73.202568 16 16
5.90860054E-06 2880.000000 101.724243 0.000000 -72.250000 72.283890 16 15
3.79777384E-06 2699.999760 95.767006 0.000000 -71.400002 70.087746 15 14
2.92220102E-06 2519.999760 95.274109 0.000000 -70.550003 -69.045883 14 14
6.73614250E-06 2340.000000 89.385735 0.000000 -69.699997 -69.670044 13 13
1.64505661E-06 2340.000000 83.802391 0.000000 -68.849998 67.132904 13 12
6.03867284E-06 2160.000000 83.427795 0.000000 -68.000000 -68.146179 12 12
1.31242416E-06 2160.000000 77.909142 0.000000 -67.150002 65.332130 12 11
6.97608857E-06 1979.999880 77.540916 0.000000 -66.300003 -66.413895 11 11
7.04255308E-06 1979.999880 71.982620 0.000000 -64.599998 64.744789 11 10
1.98847601E-06 1799.999880 71.620178 0.000000 -63.750000 -61.822849 10 10
8.89660714E-06 1799.999880 66.299278 0.000000 -62.049999 62.007061 10 9
7.50244681E-06 1619.999880 60.758926 0.000000 -59.500000 59.686165 9 8
3.97585973E-06 1440.000000 60.526394 0.000000 -58.650002 -58.690300 8 8
9.03394084E-06 1440.000000 55.411179 0.000000 -56.099998 56.237663 8 7
3.80121151E-06 1259.999880 55.188934 0.000000 -55.250000 -55.396793 7 7
1.40436759E-06 1259.999880 50.316158 0.000000 -52.700001 52.655071 7 6
1.10688206E-05 1080.000000 50.105099 0.000000 -51.849998 -51.777763 6 6
1.13256510E-06 1080.000000 50.091770 0.000000 -51.000000 -50.952228 6 6
5.72095178E-06 1080.000000 45.543598 0.000000 -47.599998 47.929672 6 5
1.04736419E-05 899.999939 45.354431 0.000000 -46.750000 -46.910435 5 5
9.05615980E-06 899.999939 41.227795 0.000000 -41.650002 41.924454 5 4
8.95355151E-06 720.000000 41.055740 0.000000 -40.799999 -41.091332 4 4
1.07070555E-05 720.000000 37.506454 0.000000 -34.849998 35.107063 4 3
8.35713763E-06 540.000000 37.358391 0.000000 -34.000000 -34.393253 3 3
5.26755821E-06 540.000000 34.543369 0.000000 -28.049999 28.717970 3 2
1.10839155E-05 360.000000 34.428135 0.000000 -27.200001 -27.460529 2 2
5.30847183E-06 360.000000 32.419258 0.000000 -22.950001 23.735447 2 1
2.24469250E-06 180.000000 32.092526 0.000000 -22.100000 -15.113011 1 0
5.19633613E-06 360.000000 32.392628 0.000000 -21.250000 21.750549 2 0
1.04425899E-05 720.000000 33.872067 0.000000 -14.450000 14.962523 3 0
1.52082976E-05 720.000000 33.872986 0.000000 -13.600000 13.166699 3 0
1.22960118E-05 540.000000 33.812744 0.000000 -12.750000 -13.251119 2 0
4.88338901E-06 449.999969 33.339752 0.000000 -5.100000 7.164542 2 0
2.13789390E-05 449.999969 33.345959 0.000000 -4.250000 3.542773 2 0
1.35468872E-04 90.000000 33.330368 0.000000 0.314875 -0.316968 0 0
2.18595369E-06 270.000000 33.322983 0.000000 4.250000 6.911219 1 0
2.67366959E-05 360.000000 33.755318 0.000000 12.351815 -12.356450 1 0
1.36653744E-05 540.000000 33.811619 0.000000 13.600000 14.069642 2 0
4.65783478E-06 180.000000 32.328232 0.000000 21.250000 20.392704 1 0
3.73012699E-06 0.000000 32.114834 0.000000 22.100000 -19.315615 0 0
4.91465153E-06 180.000000 32.329205 0.000000 22.950001 23.105843 1 1
1.82231338E-06 180.000000 34.294216 0.000000 26.350000 -26.568121 1 2
1.21579751E-05 180.000000 34.307236 0.000000 27.200001 -27.063631 1 2
1.75992523E-06 360.000000 34.420651 0.000000 28.049999 28.642750 2 2
1.26532668E-05 360.000000 37.209339 0.000000 34.000000 -34.142654 2 3
6.33672653E-06 540.000000 37.353817 0.000000 34.849998 35.316486 3 3
1.28531474E-05 540.000000 40.881931 0.000000 40.799999 -40.888847 3 4
5.21297261E-06 720.000000 41.050739 0.000000 41.650002 42.047024 4 4
5.63774847E-07 720.000000 45.153523 0.000000 45.900002 -46.058960 4 5
1.28078418E-05 720.000000 45.161331 0.000000 46.750000 -46.724976 4 5
2.69521638E-06 899.999939 45.349178 0.000000 47.599998 47.890526 5 5
3.46071670E-06 899.999939 49.895054 0.000000 51.000000 -51.237846 5 6
1.10478250E-05 1080.000000 50.104874 0.000000 51.849998 51.918053 6 6
5.61745901E-06 1080.000000 54.974640 0.000000 55.250000 -55.501724 6 7
7.24320626E-06 1259.999880 55.190437 0.000000 56.099998 56.325436 7 7
5.37608639E-06 1259.999880 60.306164 0.000000 58.650002 -58.852142 7 8
6.13314751E-06 1440.000000 60.530331 0.000000 59.500000 59.715515 8 8
1.89671721E-06 1440.000000 65.730911 0.000000 61.200001 -59.520268 8 9
8.57635587E-06 1619.999880 66.065384 0.000000 62.049999 62.116371 9 9
3.22973574E-06 1619.999880 71.448601 0.000000 63.750000 -62.868015 9 10
6.20689434E-06 1799.999880 71.742859 0.000000 64.599998 64.774361 10 10
7.67760685E-06 1799.999880 77.297783 0.000000 66.300003 -66.338059 10 11
6.01313332E-07 1979.999880 77.672318 0.000000 67.150002 65.262054 11 11
6.60055457E-06 1979.999880 83.181488 0.000000 68.000000 -68.107681 11 12
1.07153130E-06 2160.000000 83.563423 0.000000 68.849998 67.065117 12 12
6.72629994E-06 2340.000000 89.385590 0.000000 69.699997 69.728371 13 13
3.31601677E-06 2340.000000 95.030655 0.000000 70.550003 -69.104332 13 14
3.42239878E-06 2519.999760 95.521835 0.000000 71.400002 70.029022 14 14
5.60355465E-06 2699.999760 101.471336 0.000000 72.250000 72.337471 15 15
5.16339560E-06 2699.999760 107.328979 0.000000 73.099998 -73.207588 15 16
4.36710525E-06 2880.000000 113.455536 0.000000 73.949997 -73.855804 16 17
4.21811319E-06 3059.999760 119.622398 0.000000 74.800003 -74.676979 17 18
4.53175198E-06 3239.999760 125.835381 0.000000 75.650002 -75.742058 18 19
4.25887902E-06 3599.999760 132.305557 0.000000 76.500000 76.587669 20 20
3.13802934E-06 3779.999510 144.397247 0.000000 77.349998 -76.316750 21 22
3.78434311E-06 4139.999510 151.058212 0.000000 78.199997 78.272675 23 23
3.77157971E-06 4320.000000 163.366348 0.000000 79.050003 -79.034363 24 25
3.30182729E-06 4859.999510 176.230194 0.000000 79.900002 79.958054 27 27
2.95535119E-06 5219.999510 194.825089 0.000000 80.750000 -80.116928 29 30
2.73794808E-06 5760.000000 213.919281 0.000000 81.599998 -81.443092 32 33
2.39331212E-06 6479.999510 239.221008 0.000000 82.449997 -81.820099 36 37
2.26030033E-06 7379.999510 265.093231 0.000000 83.300003 83.307785 41 41
1.99063720E-06 8460.000000 303.371033 0.000000 84.150002 84.083855 47 47
1.74776949E-06 9900.000000 354.559265 0.000000 85.000000 84.656143 55 55
